[fond.JPG]
filters=finetune2=1,0.000000,0.000000,0.202105,00000000,0.029240;
moddate=8e1069c74e43cf01
width=2136
height=1424
textactive=0
